0.15
0.41
0.55
0.56
0.6
0.63
0.68
0.68
0.69
0.7
0.73
0.78
0.8
0.81
0.87
0.88
0.96
0.97
1
1
1.05
1.06
1.08
1.1
1.12
1.15
1.2
1.2
1.21
1.21
1.22
1.23
1.26
1.27
1.28
1.29
1.33
1.34
1.35
1.35
1.35
1.38
1.4
1.43
1.46
1.49
1.53
1.53
1.54
1.55
1.55
1.57
1.57
1.57
1.57
1.58
1.58
1.58
1.59
1.63
1.63
1.64
1.65
1.66
1.67
1.68
1.68
1.68
1.68
1.68
1.69
1.7
1.71
1.71
1.72
1.73
1.74
1.74
1.76
1.76
1.76
1.77
1.77
1.77
1.77
1.77
1.78
1.8
1.81
1.83
1.83
1.83
1.84
1.85
1.85
1.89
1.9
1.9
1.92
1.92
1.93
1.93
1.93
1.95
1.95
1.95
1.96
1.96
1.97
1.97
1.98
1.99
2
2
2
2.01
2.01
2.02
2.03
2.03
2.04
2.04
2.05
2.06
2.07
2.07
2.08
2.08
2.09
2.11
2.12
2.13
2.13
2.15
2.15
2.17
2.17
2.17
2.18
2.18
2.19
2.19
2.21
2.22
2.22
2.24
2.25
2.25
2.26
2.26
2.27
2.28
2.28
2.29
2.3
2.3
2.31
2.31
2.32
2.32
2.34
2.34
2.34
2.34
2.38
2.39
2.39
2.4
2.4
2.4
2.41
2.42
2.42
2.42
2.44
2.45
2.45
2.45
2.45
2.45
2.46
2.47
2.47
2.47
2.47
2.48
2.49
2.5
2.51
2.52
2.54
2.54
2.55
2.56
2.56
2.57
2.57
2.58
2.58
2.6
2.61
2.61
2.61
2.62
2.62
2.62
2.63
2.64
2.64
2.64
2.66
2.67
2.67
2.68
2.69
2.71
2.71
2.71
2.71
2.72
2.72
2.73
2.74
2.74
2.75
2.75
2.76
2.77
2.78
2.78
2.8
2.8
2.81
2.83
2.83
2.84
2.86
2.86
2.86
2.86
2.87
2.87
2.88
2.88
2.9
2.92
2.92
2.93
2.94
2.95
2.95
2.96
2.96
2.97
2.97
2.97
2.97
2.97
2.98
2.98
2.98
2.98
3
3
3.01
3.01
3.02
3.02
3.03
3.03
3.04
3.04
3.05
3.06
3.06
3.06
3.07
3.07
3.07
3.07
3.1
3.1
3.11
3.12
3.12
3.12
3.13
3.14
3.14
3.15
3.17
3.17
3.18
3.18
3.18
3.19
3.19
3.19
3.2
3.2
3.22
3.22
3.22
3.23
3.23
3.24
3.25
3.25
3.26
3.26
3.27
3.27
3.27
3.28
3.28
3.28
3.3
3.3
3.31
3.32
3.32
3.34
3.34
3.34
3.36
3.36
3.37
3.37
3.38
3.38
3.39
3.39
3.4
3.4
3.4
3.4
3.4
3.41
3.42
3.43
3.43
3.43
3.44
3.45
3.46
3.46
3.47
3.47
3.48
3.49
3.49
3.49
3.49
3.5
3.5
3.5
3.5
3.5
3.5
3.51
3.51
3.51
3.52
3.53
3.54
3.56
3.57
3.57
3.58
3.58
3.58
3.59
3.59
3.59
3.6
3.6
3.6
3.61
3.62
3.62
3.64
3.64
3.65
3.65
3.65
3.65
3.66
3.67
3.67
3.67
3.68
3.68
3.68
3.68
3.68
3.69
3.69
3.69
3.69
3.69
3.7
3.7
3.71
3.71
3.71
3.72
3.73
3.73
3.74
3.74
3.74
3.75
3.77
3.77
3.78
3.78
3.78
3.78
3.79
3.79
3.79
3.79
3.8
3.8
3.8
3.8
3.8
3.81
3.81
3.81
3.81
3.82
3.83
3.83
3.84
3.84
3.84
3.84
3.85
3.85
3.85
3.86
3.86
3.86
3.87
3.88
3.88
3.88
3.9
3.9
3.91
3.92
3.92
3.92
3.93
3.94
3.95
3.96
3.96
3.96
3.98
3.98
3.98
3.99
4
4
4
4
4.01
4.02
4.02
4.03
4.03
4.05
4.05
4.05
4.05
4.06
4.06
4.07
4.08
4.09
4.1
4.11
4.11
4.11
4.12
4.13
4.13
4.13
4.13
4.14
4.14
4.14
4.15
4.16
4.16
4.17
4.17
4.17
4.18
4.19
4.19
4.19
4.2
4.21
4.21
4.22
4.23
4.23
4.24
4.25
4.25
4.28
4.29
4.29
4.29
4.3
4.3
4.3
4.31
4.31
4.32
4.32
4.33
4.33
4.33
4.33
4.34
4.35
4.35
4.35
4.37
4.37
4.38
4.38
4.39
4.39
4.39
4.39
4.41
4.42
4.42
4.42
4.42
4.42
4.43
4.45
4.45
4.46
4.46
4.47
4.48
4.49
4.49
4.49
4.5
4.5
4.5
4.5
4.51
4.51
4.52
4.53
4.54
4.54
4.54
4.55
4.55
4.56
4.56
4.56
4.57
4.57
4.57
4.57
4.57
4.58
4.59
4.59
4.59
4.59
4.6
4.6
4.6
4.6
4.6
4.6
4.61
4.61
4.61
4.61
4.62
4.62
4.64
4.64
4.64
4.65
4.66
4.67
4.67
4.67
4.67
4.68
4.68
4.69
4.69
4.71
4.71
4.71
4.72
4.72
4.73
4.73
4.74
4.74
4.74
4.74
4.75
4.75
4.76
4.77
4.78
4.78
4.78
4.79
4.79
4.79
4.8
4.8
4.81
4.81
4.82
4.82
4.82
4.82
4.82
4.83
4.83
4.83
4.84
4.84
4.84
4.84
4.85
4.85
4.86
4.87
4.87
4.87
4.87
4.87
4.88
4.88
4.88
4.89
4.89
4.9
4.9
4.91
4.91
4.91
4.92
4.93
4.93
4.93
4.94
4.94
4.95
4.95
4.95
4.95
4.96
4.96
4.96
4.97
4.98
4.99
4.99
4.99
4.99
5
5
5.01
5.02
5.02
5.03
5.04
5.05
5.05
5.05
5.05
5.06
5.07
5.07
5.07
5.08
5.09
5.09
5.09
5.1
5.12
5.12
5.12
5.12
5.13
5.14
5.14
5.14
5.14
5.15
5.16
5.16
5.17
5.18
5.18
5.19
5.19
5.19
5.2
5.2
5.21
5.22
5.22
5.22
5.22
5.23
5.23
5.24
5.24
5.24
5.25
5.25
5.26
5.26
5.26
5.26
5.26
5.27
5.28
5.29
5.29
5.29
5.29
5.29
5.3
5.3
5.3
5.31
5.31
5.32
5.33
5.33
5.33
5.34
5.34
5.34
5.35
5.35
5.35
5.37
5.37
5.39
5.4
5.41
5.41
5.41
5.43
5.43
5.43
5.46
5.47
5.48
5.48
5.48
5.49
5.5
5.5
5.51
5.51
5.51
5.52
5.52
5.52
5.52
5.53
5.54
5.55
5.55
5.55
5.58
5.58
5.58
5.59
5.6
5.6
5.61
5.61
5.62
5.62
5.63
5.64
5.64
5.65
5.66
5.66
5.66
5.68
5.69
5.7
5.72
5.72
5.72
5.74
5.74
5.74
5.74
5.75
5.75
5.76
5.76
5.76
5.76
5.77
5.78
5.79
5.79
5.8
5.82
5.82
5.84
5.84
5.84
5.86
5.86
5.88
5.88
5.88
5.89
5.9
5.9
5.91
5.91
5.94
5.94
5.95
5.95
5.95
5.96
5.96
5.97
5.98
5.99
6
6
6
6
6.01
6.01
6.01
6.01
6.02
6.03
6.03
6.04
6.05
6.07
6.07
6.08
6.08
6.08
6.1
6.1
6.1
6.12
6.13
6.14
6.14
6.15
6.15
6.15
6.16
6.16
6.16
6.16
6.17
6.18
6.19
6.2
6.2
6.2
6.21
6.22
6.23
6.24
6.25
6.25
6.26
6.26
6.27
6.27
6.27
6.27
6.27
6.28
6.28
6.29
6.3
6.31
6.31
6.32
6.33
6.34
6.34
6.35
6.35
6.37
6.38
6.38
6.4
6.41
6.41
6.41
6.43
6.44
6.45
6.45
6.46
6.46
6.47
6.47
6.49
6.49
6.5
6.51
6.52
6.55
6.55
6.56
6.56
6.57
6.57
6.58
6.59
6.59
6.59
6.62
6.63
6.63
6.64
6.64
6.65
6.65
6.66
6.67
6.67
6.68
6.68
6.68
6.69
6.69
6.7
6.7
6.71
6.72
6.72
6.73
6.73
6.74
6.75
6.75
6.76
6.76
6.77
6.77
6.77
6.79
6.8
6.8
6.8
6.8
6.81
6.81
6.82
6.82
6.83
6.84
6.84
6.87
6.88
6.92
6.96
6.96
6.96
6.96
7
7
7
7.01
7.01
7.02
7.02
7.02
7.03
7.03
7.03
7.04
7.04
7.04
7.05
7.06
7.06
7.08
7.1
7.11
7.13
7.13
7.15
7.16
7.19
7.21
7.21
7.24
7.25
7.26
7.26
7.27
7.28
7.28
7.29
7.29
7.29
7.3
7.33
7.37
7.37
7.37
7.38
7.38
7.39
7.39
7.39
7.39
7.4
7.4
7.41
7.43
7.43
7.44
7.44
7.45
7.45
7.46
7.47
7.48
7.5
7.51
7.51
7.54
7.54
7.55
7.6
7.61
7.63
7.63
7.64
7.64
7.65
7.66
7.66
7.68
7.68
7.7
7.71
7.72
7.73
7.75
7.76
7.78
7.78
7.79
7.81
7.82
7.84
7.85
7.87
7.87
7.87
7.89
7.89
7.91
7.91
7.95
7.96
7.97
7.97
7.98
7.98
8.01
8.01
8.06
8.07
8.07
8.08
8.12
8.13
8.14
8.14
8.15
8.17
8.17
8.22
8.22
8.23
8.27
8.29
8.3
8.3
8.32
8.35
8.37
8.45
8.45
8.45
8.46
8.49
8.49
8.5
8.53
8.54
8.54
8.54
8.55
8.56
8.57
8.59
8.61
8.61
8.66
8.69
8.7
8.73
8.73
8.75
8.79
8.83
8.84
8.86
8.86
8.9
8.95
8.95
8.97
8.97
8.99
9
9
9.02
9.04
9.04
9.05
9.07
9.08
9.12
9.13
9.15
9.17
9.17
9.2
9.23
9.24
9.32
9.33
9.34
9.34
9.38
9.38
9.4
9.41
9.41
9.45
9.46
9.47
9.55
9.58
9.6
9.61
9.63
9.66
9.67
9.68
9.7
9.72
9.74
9.74
9.79
9.79
9.8
9.81
9.82
9.83
9.86
9.87
9.9
9.95
9.97
10.03
10.07
10.09
10.12
10.14
10.16
10.21
10.24
10.27
10.35
10.37
10.6
10.62
10.63
10.65
10.68
10.79
10.79
10.8
10.87
10.91
10.93
10.94
10.95
10.96
10.98
11.1
11.22
11.24
11.26
11.34
11.35
11.38
11.43
11.46
11.5
11.54
11.55
11.55
11.55
11.59
11.6
11.87
11.91
11.99
12.05
12.11
12.17
12.24
12.31
12.4
12.46
12.51
12.62
12.64
12.88
12.91
13.77
14.36
15.03
16.71
18.24
