0
0
0.01
0.01
0.01
0.02
0.02
0.02
0.04
0.05
0.05
0.05
0.06
0.06
0.06
0.06
0.06
0.06
0.08
0.09
0.09
0.1
0.1
0.1
0.1
0.11
0.11
0.11
0.12
0.12
0.13
0.13
0.13
0.13
0.14
0.16
0.16
0.16
0.16
0.16
0.16
0.17
0.18
0.18
0.18
0.19
0.2
0.2
0.21
0.22
0.22
0.23
0.24
0.24
0.24
0.25
0.25
0.25
0.25
0.25
0.26
0.26
0.26
0.27
0.27
0.27
0.28
0.28
0.29
0.3
0.3
0.3
0.3
0.3
0.31
0.31
0.32
0.33
0.33
0.33
0.33
0.34
0.35
0.35
0.35
0.35
0.35
0.35
0.36
0.39
0.39
0.39
0.4
0.42
0.42
0.42
0.43
0.43
0.45
0.45
0.45
0.45
0.45
0.46
0.46
0.48
0.48
0.49
0.49
0.49
0.5
0.5
0.51
0.51
0.51
0.52
0.52
0.53
0.53
0.53
0.54
0.54
0.55
0.55
0.55
0.56
0.57
0.57
0.57
0.58
0.58
0.59
0.61
0.61
0.62
0.62
0.62
0.63
0.63
0.63
0.63
0.63
0.64
0.64
0.66
0.68
0.69
0.69
0.69
0.71
0.71
0.71
0.72
0.72
0.72
0.72
0.73
0.73
0.73
0.73
0.75
0.75
0.75
0.76
0.76
0.76
0.76
0.77
0.77
0.78
0.78
0.79
0.79
0.79
0.8
0.8
0.81
0.81
0.83
0.83
0.83
0.84
0.84
0.85
0.87
0.88
0.88
0.88
0.88
0.88
0.89
0.9
0.9
0.9
0.9
0.91
0.91
0.91
0.92
0.92
0.93
0.94
0.94
0.94
0.95
0.95
0.95
0.96
0.97
0.97
0.99
1
1
1
1
1.01
1.03
1.03
1.03
1.03
1.04
1.05
1.05
1.05
1.05
1.05
1.05
1.06
1.08
1.08
1.08
1.09
1.11
1.12
1.12
1.13
1.13
1.14
1.14
1.14
1.15
1.15
1.16
1.16
1.17
1.17
1.17
1.17
1.17
1.18
1.18
1.19
1.19
1.21
1.21
1.22
1.22
1.23
1.23
1.23
1.23
1.23
1.24
1.25
1.26
1.26
1.26
1.26
1.27
1.27
1.27
1.28
1.28
1.28
1.29
1.3
1.3
1.3
1.31
1.32
1.32
1.32
1.33
1.33
1.34
1.34
1.35
1.39
1.39
1.4
1.41
1.42
1.43
1.43
1.43
1.44
1.45
1.45
1.45
1.45
1.45
1.45
1.46
1.46
1.47
1.48
1.5
1.51
1.51
1.52
1.54
1.55
1.55
1.55
1.56
1.56
1.56
1.56
1.57
1.58
1.58
1.59
1.61
1.61
1.61
1.61
1.62
1.63
1.63
1.64
1.65
1.66
1.66
1.67
1.67
1.68
1.68
1.69
1.69
1.7
1.71
1.71
1.72
1.72
1.75
1.76
1.76
1.76
1.76
1.76
1.76
1.76
1.76
1.79
1.8
1.81
1.81
1.83
1.83
1.85
1.86
1.87
1.89
1.9
1.9
1.91
1.91
1.92
1.93
1.93
1.95
1.95
1.96
1.96
1.98
1.98
1.98
1.98
1.99
2
2
2.01
2.01
2.02
2.02
2.03
2.03
2.04
2.05
2.05
2.05
2.05
2.06
2.07
2.08
2.08
2.09
2.09
2.1
2.1
2.1
2.11
2.11
2.11
2.13
2.17
2.17
2.17
2.19
2.2
2.21
2.22
2.22
2.22
2.23
2.23
2.23
2.23
2.23
2.24
2.27
2.27
2.28
2.28
2.28
2.29
2.3
2.3
2.3
2.32
2.32
2.33
2.33
2.34
2.35
2.35
2.35
2.36
2.37
2.37
2.39
2.39
2.39
2.4
2.41
2.42
2.43
2.43
2.43
2.44
2.46
2.47
2.48
2.48
2.5
2.5
2.51
2.52
2.54
2.54
2.55
2.55
2.56
2.56
2.56
2.56
2.57
2.57
2.57
2.58
2.58
2.6
2.6
2.63
2.64
2.64
2.65
2.66
2.66
2.69
2.69
2.72
2.73
2.73
2.73
2.73
2.73
2.74
2.75
2.76
2.76
2.78
2.78
2.78
2.85
2.87
2.88
2.89
2.89
2.9
2.9
2.9
2.9
2.91
2.92
2.93
2.94
2.94
2.94
2.95
2.96
2.96
2.97
2.98
3
3
3.01
3.02
3.02
3.02
3.03
3.03
3.03
3.03
3.04
3.06
3.07
3.07
3.08
3.09
3.09
3.09
3.09
3.1
3.1
3.12
3.13
3.14
3.14
3.15
3.15
3.16
3.16
3.16
3.17
3.18
3.19
3.2
3.2
3.2
3.2
3.21
3.22
3.22
3.24
3.24
3.25
3.25
3.25
3.26
3.26
3.26
3.27
3.29
3.31
3.31
3.31
3.32
3.32
3.32
3.34
3.35
3.38
3.38
3.39
3.39
3.4
3.41
3.41
3.43
3.44
3.44
3.45
3.45
3.45
3.46
3.46
3.48
3.49
3.52
3.53
3.53
3.54
3.56
3.57
3.58
3.59
3.59
3.59
3.6
3.63
3.64
3.65
3.66
3.67
3.69
3.69
3.71
3.71
3.72
3.77
3.77
3.78
3.78
3.81
3.82
3.83
3.83
3.83
3.84
3.84
3.84
3.85
3.87
3.87
3.87
3.88
3.88
3.89
3.9
3.91
3.91
3.92
3.93
3.93
3.93
3.94
3.94
3.95
3.95
3.96
3.98
3.99
3.99
4
4.01
4.02
4.02
4.03
4.05
4.06
4.06
4.06
4.08
4.09
4.09
4.11
4.13
4.17
4.19
4.19
4.2
4.22
4.23
4.24
4.25
4.26
4.26
4.26
4.27
4.27
4.28
4.29
4.3
4.31
4.32
4.33
4.33
4.36
4.37
4.38
4.39
4.39
4.4
4.41
4.42
4.46
4.46
4.47
4.48
4.49
4.49
4.5
4.51
4.51
4.51
4.51
4.58
4.58
4.58
4.6
4.62
4.63
4.65
4.65
4.66
4.66
4.68
4.7
4.71
4.72
4.73
4.74
4.74
4.75
4.76
4.76
4.78
4.78
4.81
4.82
4.83
4.84
4.84
4.84
4.85
4.87
4.89
4.9
4.9
4.91
4.92
4.92
4.93
4.94
4.94
4.96
5.01
5.03
5.04
5.05
5.06
5.07
5.07
5.09
5.11
5.11
5.12
5.12
5.12
5.13
5.19
5.2
5.2
5.23
5.23
5.24
5.24
5.25
5.26
5.27
5.27
5.28
5.28
5.31
5.32
5.33
5.34
5.37
5.38
5.38
5.41
5.41
5.41
5.41
5.43
5.44
5.46
5.48
5.49
5.49
5.5
5.53
5.53
5.54
5.54
5.55
5.56
5.56
5.57
5.57
5.6
5.6
5.61
5.61
5.63
5.64
5.67
5.67
5.67
5.69
5.7
5.71
5.72
5.72
5.75
5.76
5.76
5.77
5.79
5.8
5.81
5.81
5.81
5.82
5.83
5.85
5.85
5.88
5.91
5.91
5.92
5.92
5.94
5.94
5.97
5.99
6.04
6.04
6.04
6.11
6.11
6.13
6.15
6.18
6.18
6.21
6.21
6.22
6.23
6.23
6.24
6.24
6.26
6.27
6.27
6.29
6.3
6.31
6.35
6.35
6.37
6.38
6.39
6.39
6.39
6.4
6.41
6.42
6.43
6.44
6.44
6.46
6.47
6.47
6.48
6.51
6.51
6.52
6.55
6.55
6.56
6.57
6.58
6.59
6.59
6.6
6.6
6.6
6.62
6.62
6.62
6.65
6.66
6.66
6.67
6.67
6.67
6.68
6.73
6.75
6.79
6.8
6.8
6.8
6.83
6.83
6.86
6.86
6.87
6.91
6.91
6.92
6.96
6.96
6.96
6.96
7.02
7.04
7.04
7.04
7.08
7.09
7.12
7.2
7.21
7.21
7.21
7.23
7.24
7.24
7.26
7.29
7.3
7.3
7.34
7.34
7.35
7.41
7.43
7.44
7.47
7.48
7.52
7.56
7.56
7.6
7.6
7.62
7.66
7.67
7.68
7.7
7.7
7.71
7.74
7.74
7.74
7.75
7.77
7.79
7.79
7.81
7.83
7.83
7.83
7.85
7.89
7.9
7.91
7.92
8.03
8.06
8.08
8.09
8.1
8.1
8.12
8.14
8.15
8.15
8.16
8.19
8.21
8.22
8.24
8.24
8.25
8.25
8.25
8.27
8.28
8.28
8.29
8.32
8.36
8.39
8.41
8.44
8.44
8.44
8.5
8.52
8.54
8.57
8.57
8.57
8.62
8.62
8.63
8.64
8.66
8.66
8.68
8.74
8.77
8.77
8.78
8.79
8.85
8.88
8.94
8.96
8.99
9.04
9.05
9.06
9.15
9.15
9.2
9.26
9.28
9.38
9.39
9.41
9.42
9.44
9.48
9.51
9.57
9.58
9.62
9.64
9.71
9.76
9.77
9.8
9.81
9.86
9.87
9.91
9.96
9.97
9.99
10
10.12
10.13
10.16
10.19
10.19
10.21
10.25
10.27
10.27
10.31
10.33
10.38
10.4
10.44
10.47
10.48
10.51
10.52
10.53
10.54
10.58
10.59
10.63
10.68
10.72
10.81
10.81
10.85
10.86
10.86
10.87
10.88
10.88
10.92
10.97
11.04
11.09
11.09
11.12
11.16
11.26
11.33
11.36
11.44
11.5
11.55
11.57
11.58
11.61
11.66
11.66
11.67
11.71
11.72
11.78
11.79
11.85
11.89
11.9
11.94
11.95
11.95
11.99
12
12.02
12.08
12.12
12.2
12.26
12.26
12.31
12.32
12.35
12.42
12.44
12.48
12.59
12.64
12.69
12.7
12.71
12.73
12.73
12.77
12.78
12.8
12.81
12.9
12.94
12.98
13.07
13.07
13.1
13.1
13.11
13.13
13.2
13.25
13.35
13.39
13.43
13.43
13.44
13.5
13.54
13.62
13.63
13.67
13.69
13.73
13.76
13.78
13.78
13.79
13.8
13.85
13.88
13.9
13.91
14
14
14.06
14.08
14.08
14.1
14.28
14.31
14.36
14.36
14.49
14.51
14.55
14.64
14.66
14.71
14.71
14.73
14.77
14.83
15.01
15.12
15.12
15.2
15.3
15.32
15.36
15.38
15.41
15.44
15.48
15.74
15.78
15.88
16.24
16.26
16.29
16.5
16.59
16.68
16.71
16.74
16.91
17
17.05
17.35
17.5
17.55
17.56
17.73
18.31
18.33
18.48
18.59
18.65
18.87
19.06
19.06
19.09
19.12
19.21
19.26
19.32
19.34
19.41
19.44
19.63
19.85
20.23
20.24
20.25
20.54
20.77
21.36
21.9
22.02
22.09
22.57
22.61
22.62
22.78
23.09
23.25
23.29
24.33
24.49
25.16
25.38
25.74
25.8
25.99
27.03
27.4
28.7
29.16
29.56
29.59
31.02
34.55
36.62
37.71
37.79
38.25
39.47
