1.550000 7.780000 
4.110000 6.080000 
10.050000 3.850000 
12.530000 9.810000 
17.260000 8.370000 
20.420000 9.150000 
46.220000 5.270000 
48.410000 8.140000 
60.130000 6.720000 
70.400000 3.040000 
78.110000 7.010000 
86.630000 12.640000 
93.020000 6.160000 
93.500000 7.020000 
99.410000 9.410000 
111.720000 3.860000 
118.230000 1.200000 
121.830000 2.770000 
122.160000 2.920000 
125.480000 2.690000 
127.750000 11.910000 
132.130000 6.340000 
133.390000 4.820000 
135.150000 7.030000 
135.640000 2.800000 
137.660000 7.060000 
139.060000 4.330000 
140.990000 3.040000 
144.310000 5.950000 
149.690000 4.840000 
155.440000 5.230000 
169.350000 3.020000 
170.780000 2.670000 
175.140000 7.290000 
181.930000 4.570000 
183.580000 4.190000 
185.660000 5.990000 
189.490000 1.840000 
193.770000 5.310000 
200.170000 0.630000 
203.430000 1.570000 
208.680000 5.940000 
216.780000 6.300000 
227.360000 5.550000 
232.170000 12.240000 
233.140000 1.680000 
234.190000 4.880000 
237.360000 10.680000 
263.350000 4.500000 
275.790000 7.030000 
276.850000 1.770000 
278.830000 7.000000 
282.080000 3.070000 
290.850000 5.740000 
293.920000 1.690000 
297.980000 8.750000 
298.030000 5.820000 
298.760000 6.510000 
300.150000 5.740000 
304.890000 5.220000 
312.630000 6.030000 
317.830000 6.960000 
333.710000 1.000000 
347.330000 6.630000 
347.960000 8.080000 
354.350000 4.300000 
355.120000 2.170000 
360.730000 3.380000 
362.240000 3.050000 
380.720000 4.640000 
384.170000 3.740000 
385.850000 4.680000 
390.260000 3.220000 
393.570000 1.760000 
395.240000 5.530000 
398.630000 2.000000 
399.840000 1.000000 
406.500000 4.860000 
408.140000 6.820000 
436.840000 7.600000 
449.780000 2.610000 
450.730000 6.020000 
460.530000 5.800000 
461.070000 5.790000 
490.660000 6.080000 
493.210000 1.980000 
516.300000 7.390000 
522.760000 5.240000 
523.010000 3.470000 
528.580000 2.320000 
530.560000 3.340000 
534.230000 3.370000 
535.420000 4.080000 
554.630000 2.000000 
565.480000 3.070000 
566.270000 9.170000 
586.510000 5.260000 
591.570000 2.400000 
597.790000 3.770000 
598.150000 7.480000 
604.560000 9.900000 
608.980000 4.750000 
617.260000 3.750000 
620.280000 10.940000 
623.220000 1.640000 
634.790000 4.750000 
635.340000 6.960000 
644.910000 12.050000 
648.800000 1.550000 
652.610000 6.260000 
654.060000 4.450000 
654.410000 2.610000 
658.800000 3.390000 
675.390000 5.130000 
676.080000 4.420000 
678.680000 3.690000 
681.610000 7.910000 
684.990000 8.570000 
693.670000 5.640000 
700.630000 4.510000 
704.710000 4.100000 
706.380000 7.870000 
717.350000 3.360000 
718.680000 2.640000 
737.550000 7.010000 
746.430000 6.450000 
752.420000 9.230000 
756.640000 4.110000 
763.210000 1.770000 
765.950000 8.300000 
769.040000 5.020000 
770.260000 3.660000 
776.680000 3.860000 
783.150000 9.130000 
795.410000 5.120000 
806.270000 7.550000 
809.310000 4.420000 
810.040000 6.500000 
813.070000 6.290000 
815.630000 12.620000 
819.720000 4.420000 
825.130000 4.950000 
826.590000 5.350000 
837.710000 7.440000 
848.180000 7.020000 
855.040000 3.940000 
856.310000 6.840000 
858.270000 0.810000 
866.010000 3.450000 
866.020000 11.260000 
873.620000 4.390000 
875.990000 7.330000 
884.180000 1.150000 
901.530000 4.650000 
905.460000 5.320000 
906.310000 2.470000 
906.920000 8.300000 
907.340000 5.720000 
909.340000 1.950000 
920.200000 1.490000 
922.980000 0.780000 
923.040000 8.970000 
927.670000 6.160000 
929.330000 3.360000 
931.790000 6.350000 
933.380000 2.970000 
934.330000 3.920000 
948.110000 1.810000 
969.470000 6.450000 
975.030000 8.130000 
977.950000 8.220000 
982.220000 3.790000 
982.240000 3.430000 
986.480000 8.560000 
989.970000 3.840000 
993.370000 4.800000 
993.470000 5.120000 
999.510000 3.620000 
1021.600000 3.670000 
1035.600000 3.460000 
1036.170000 5.300000 
1048.070000 3.430000 
1049.350000 5.150000 
1053.480000 4.940000 
1065.260000 3.850000 
1070.960000 6.560000 
1072.190000 3.730000 
1074.140000 1.570000 
1077.620000 4.870000 
1080.840000 6.370000 
1085.580000 2.780000 
1087.920000 4.840000 
1089.270000 4.300000 
1092.840000 4.770000 
1092.960000 5.470000 
1107.970000 3.120000 
1114.560000 5.600000 
1117.520000 4.060000 
1119.810000 4.810000 
1126.050000 10.980000 
1127.510000 1.460000 
1136.170000 9.000000 
1142.790000 3.300000 
1150.020000 2.550000 
1160.550000 4.600000 
1166.780000 4.660000 
1171.360000 1.380000 
1174.900000 6.580000 
1175.730000 10.930000 
1178.940000 5.050000 
1180.370000 8.320000 
1181.450000 6.310000 
1186.580000 6.460000 
1187.750000 4.420000 
1191.530000 6.260000 
1193.760000 5.840000 
1202.910000 2.500000 
1203.820000 2.010000 
1203.950000 3.180000 
1206.230000 8.950000 
1207.200000 5.580000 
1224.110000 12.110000 
1228.130000 6.880000 
1233.540000 5.290000 
1242.390000 2.220000 
1251.350000 1.340000 
1261.860000 4.980000 
1263.540000 7.450000 
1274.130000 5.230000 
1280.500000 4.680000 
1292.620000 3.800000 
1294.730000 3.560000 
1295.220000 6.380000 
1309.280000 10.790000 
1312.590000 5.020000 
1316.170000 8.970000 
1323.870000 6.100000 
1337.670000 7.280000 
1345.020000 5.630000 
1353.170000 10.650000 
1362.750000 0.560000 
1368.070000 5.240000 
1368.500000 8.540000 
1371.280000 11.600000 
1385.360000 2.710000 
1389.240000 4.560000 
1390.750000 4.190000 
1392.360000 2.710000 
1402.800000 5.160000 
1411.080000 3.910000 
1423.280000 3.800000 
1431.370000 7.460000 
1439.200000 7.020000 
1440.960000 5.170000 
1451.880000 5.610000 
1453.050000 2.920000 
1453.180000 7.130000 
1459.780000 8.590000 
1461.590000 9.700000 
1467.050000 7.000000 
1477.240000 6.770000 
1484.480000 3.950000 
1487.050000 2.450000 
1489.130000 3.510000 
1492.020000 12.460000 
1493.070000 3.500000 
1495.120000 1.900000 
1501.390000 3.980000 
1501.450000 2.960000 
1506.390000 4.140000 
1506.490000 3.830000 
1515.640000 8.830000 
1515.640000 6.280000 
1519.420000 5.430000 
1539.050000 11.240000 
1543.560000 8.460000 
1552.180000 8.350000 
1555.120000 4.000000 
1560.890000 1.260000 
1573.370000 7.730000 
1589.660000 4.160000 
1595.090000 3.670000 
1608.440000 2.480000 
1624.180000 6.200000 
1625.080000 2.670000 
1663.330000 3.540000 
1664.510000 1.350000 
1670.420000 6.160000 
1685.720000 1.990000 
1688.450000 5.210000 
1691.510000 2.340000 
1695.560000 5.910000 
1699.220000 6.820000 
1700.780000 11.340000 
1708.860000 7.040000 
1713.250000 4.670000 
1721.500000 4.120000 
1726.420000 6.070000 
1727.850000 4.220000 
1741.290000 1.920000 
1745.800000 3.920000 
1751.950000 8.170000 
1761.760000 2.420000 
1765.740000 7.390000 
1773.440000 4.910000 
1774.690000 4.310000 
1776.160000 5.680000 
1777.430000 5.780000 
1784.720000 0.410000 
1784.990000 5.980000 
1792.820000 4.140000 
1796.350000 2.970000 
1818.920000 4.950000 
1826.820000 2.040000 
1834.030000 5.080000 
1836.270000 4.460000 
1840.640000 5.340000 
1846.430000 7.040000 
1850.630000 6.100000 
1861.350000 2.740000 
1875.990000 2.800000 
1878.990000 6.190000 
1892.770000 1.220000 
1893.390000 1.830000 
1897.580000 4.690000 
1898.200000 4.850000 
1900.780000 9.790000 
1912.390000 7.190000 
1913.200000 1.760000 
1917.510000 6.040000 
1919.540000 6.710000 
1926.220000 12.400000 
1945.480000 6.550000 
1949.000000 7.540000 
1959.330000 3.680000 
1964.160000 10.350000 
1964.740000 3.500000 
1967.130000 11.220000 
1972.240000 4.920000 
1972.770000 8.530000 
1973.520000 3.470000 
1982.260000 2.310000 
1982.970000 3.380000 
1986.660000 1.630000 
1993.960000 4.990000 
1996.290000 5.660000 
2001.000000 10.120000 
2003.940000 8.220000 
2008.440000 4.580000 
2008.600000 3.490000 
2010.160000 5.600000 
2014.490000 11.500000 
2015.300000 4.670000 
2020.410000 6.220000 
2037.090000 6.010000 
2056.150000 5.250000 
2059.990000 1.900000 
2063.010000 7.430000 
2064.090000 2.580000 
2067.170000 2.310000 
2071.100000 2.020000 
2108.810000 2.050000 
2121.590000 7.110000 
2123.640000 11.590000 
2124.270000 3.200000 
2125.900000 2.720000 
2130.380000 4.780000 
2137.420000 2.380000 
2137.980000 2.870000 
2139.030000 8.490000 
2154.440000 3.580000 
2155.760000 3.710000 
2156.800000 9.330000 
2159.350000 2.720000 
2160.260000 5.760000 
2163.240000 3.670000 
2164.290000 5.010000 
2195.310000 7.910000 
2197.680000 4.200000 
2202.190000 9.380000 
2203.030000 2.540000 
2213.280000 6.270000 
2213.320000 3.880000 
2218.850000 5.000000 
2223.970000 3.960000 
2224.030000 5.160000 
2226.100000 4.830000 
2232.680000 5.950000 
2242.890000 6.380000 
2246.830000 2.860000 
2250.480000 5.090000 
2251.370000 7.300000 
2251.650000 9.950000 
2251.780000 7.780000 
2254.940000 3.240000 
2256.060000 6.800000 
2260.900000 1.080000 
2263.560000 4.900000 
2269.370000 3.320000 
2270.870000 5.840000 
2273.770000 5.940000 
2274.120000 4.150000 
2294.890000 4.820000 
2303.210000 6.700000 
2308.240000 6.760000 
2315.040000 9.040000 
2316.340000 6.410000 
2331.460000 4.990000 
2332.290000 6.010000 
2355.540000 6.280000 
2355.870000 5.290000 
2359.070000 8.140000 
2368.840000 4.170000 
2370.400000 2.210000 
2370.650000 5.880000 
2375.560000 6.250000 
2383.710000 3.180000 
2383.890000 7.710000 
2390.440000 10.070000 
2393.350000 2.170000 
2396.500000 3.400000 
2398.600000 8.070000 
2398.900000 6.830000 
2401.930000 5.050000 
2413.590000 4.720000 
2414.890000 4.350000 
2416.650000 2.860000 
2420.980000 2.740000 
2436.100000 7.510000 
2446.260000 3.930000 
2454.760000 6.800000 
2460.890000 4.890000 
2464.320000 4.390000 
2466.300000 1.720000 
2480.790000 4.380000 
2480.870000 6.340000 
2482.140000 2.810000 
2492.330000 7.950000 
2497.740000 2.980000 
2517.970000 6.150000 
2519.780000 4.760000 
2528.320000 3.130000 
2533.390000 8.700000 
2548.050000 4.790000 
2564.310000 3.140000 
2565.920000 1.930000 
2568.650000 3.200000 
2568.660000 2.620000 
2572.500000 3.780000 
2573.030000 6.270000 
2579.320000 6.310000 
2580.200000 7.260000 
2580.590000 6.570000 
2584.510000 3.780000 
2587.520000 2.130000 
2598.060000 6.740000 
2601.300000 4.710000 
2601.960000 6.590000 
2611.340000 4.030000 
2629.990000 8.730000 
2630.440000 6.140000 
2643.870000 5.260000 
2657.750000 1.970000 
2662.410000 2.960000 
2667.170000 4.180000 
2672.770000 6.150000 
2679.390000 7.700000 
2682.800000 1.630000 
2683.760000 4.590000 
2683.780000 7.960000 
2686.100000 6.680000 
2689.920000 6.700000 
2704.470000 7.970000 
2712.150000 3.640000 
2712.940000 10.160000 
2727.250000 2.420000 
2729.580000 5.950000 
2739.980000 5.050000 
2745.610000 9.340000 
2745.630000 3.810000 
2747.690000 3.260000 
2754.290000 6.230000 
2756.190000 3.960000 
2758.840000 5.260000 
2761.600000 6.670000 
2765.290000 4.110000 
2780.000000 4.540000 
2790.880000 6.590000 
2796.440000 3.400000 
2798.390000 7.450000 
2805.910000 3.880000 
2814.900000 5.140000 
2822.750000 5.190000 
2823.920000 5.330000 
2827.190000 5.770000 
2827.770000 0.960000 
2829.640000 5.520000 
2834.390000 5.180000 
2835.650000 4.850000 
2844.280000 7.370000 
2844.540000 3.270000 
2858.900000 7.100000 
2864.820000 4.250000 
2865.760000 8.860000 
2869.070000 7.640000 
2871.480000 4.510000 
2873.710000 1.670000 
2875.340000 5.640000 
2877.640000 3.830000 
2882.130000 6.270000 
2882.370000 3.900000 
2884.030000 3.500000 
2895.290000 4.600000 
2896.450000 4.570000 
2896.850000 10.870000 
2898.980000 5.510000 
2899.230000 5.070000 
2906.490000 3.690000 
2911.610000 4.000000 
2916.390000 2.570000 
2917.180000 8.610000 
2918.870000 7.980000 
2927.120000 7.410000 
2929.620000 9.000000 
2931.200000 5.060000 
2938.160000 3.420000 
2940.380000 4.730000 
2952.370000 1.050000 
2959.040000 12.880000 
2959.670000 3.720000 
2966.970000 5.760000 
2974.310000 2.290000 
2975.540000 2.710000 
2978.010000 5.520000 
2987.430000 1.330000 
2988.350000 2.830000 
2995.780000 3.280000 
2997.230000 3.990000 
2997.410000 4.450000 
3010.910000 5.310000 
3011.810000 4.240000 
3015.690000 0.880000 
3021.330000 4.990000 
3025.050000 2.830000 
3043.640000 1.350000 
3051.300000 4.600000 
3056.060000 2.460000 
3056.230000 2.420000 
3056.230000 5.740000 
3057.560000 15.030000 
3057.980000 5.610000 
3062.900000 2.180000 
3065.780000 3.500000 
3066.500000 8.170000 
3077.380000 2.250000 
3080.720000 5.140000 
3084.660000 1.830000 
3095.470000 5.370000 
3097.480000 6.000000 
3097.900000 3.780000 
3101.750000 3.860000 
3102.390000 3.590000 
3103.910000 2.260000 
3115.490000 1.680000 
3120.870000 2.560000 
3125.770000 6.000000 
3133.520000 3.260000 
3136.150000 5.220000 
3143.060000 10.210000 
3147.170000 4.420000 
3149.400000 6.010000 
3149.910000 1.680000 
3151.740000 3.230000 
3162.420000 4.810000 
3169.830000 4.430000 
3173.390000 3.270000 
3175.500000 3.980000 
3184.140000 3.490000 
3185.400000 3.770000 
3186.640000 3.000000 
3192.870000 8.490000 
3198.140000 3.780000 
3199.290000 5.220000 
3213.190000 12.310000 
3215.410000 5.290000 
3215.760000 6.350000 
3217.330000 3.600000 
3218.630000 1.530000 
3219.750000 2.010000 
3224.990000 5.100000 
3232.910000 9.240000 
3236.360000 3.490000 
3237.280000 7.660000 
3239.040000 4.960000 
3241.310000 11.990000 
3244.400000 5.700000 
3262.730000 6.150000 
3265.370000 6.490000 
3265.530000 4.880000 
3266.750000 4.820000 
3275.540000 1.780000 
3277.300000 2.440000 
3282.540000 6.130000 
3292.810000 6.750000 
3293.030000 4.540000 
3293.080000 5.880000 
3309.820000 2.000000 
3315.860000 7.380000 
3316.570000 4.280000 
3333.570000 1.350000 
3335.990000 4.780000 
3338.740000 4.550000 
3343.320000 4.030000 
3377.870000 7.370000 
3378.800000 5.430000 
3384.080000 7.750000 
3384.840000 11.870000 
3388.300000 2.390000 
3389.440000 7.290000 
3402.830000 6.470000 
3405.560000 6.430000 
3412.230000 2.870000 
3424.930000 3.680000 
3432.550000 3.790000 
3436.850000 2.880000 
3455.910000 9.050000 
3462.170000 7.030000 
3465.330000 1.930000 
3469.240000 5.960000 
3469.300000 1.270000 
3482.990000 3.390000 
3483.630000 1.960000 
3487.690000 4.840000 
3489.010000 5.330000 
3492.270000 2.970000 
3492.280000 2.620000 
3494.310000 8.070000 
3501.270000 2.470000 
3502.460000 4.350000 
3503.220000 9.740000 
3508.750000 5.970000 
3524.070000 3.510000 
3524.350000 7.630000 
3530.290000 6.660000 
3530.400000 7.160000 
3533.290000 3.030000 
3534.230000 4.050000 
3563.790000 0.550000 
3568.570000 4.570000 
3568.830000 6.270000 
3577.770000 5.480000 
3592.130000 1.710000 
3606.130000 5.580000 
3609.130000 5.860000 
3613.450000 3.680000 
3617.440000 4.710000 
3632.210000 6.770000 
3645.020000 9.860000 
3646.780000 4.130000 
3646.870000 3.900000 
3649.100000 4.490000 
3654.360000 9.630000 
3663.560000 2.470000 
3685.460000 4.910000 
3689.920000 6.270000 
3690.950000 2.340000 
3693.230000 3.220000 
3694.110000 10.090000 
3694.500000 5.880000 
3697.760000 6.630000 
3705.900000 5.660000 
3708.420000 5.340000 
3710.400000 5.480000 
3713.600000 7.150000 
3719.170000 5.490000 
3748.330000 4.610000 
3754.600000 0.690000 
3754.910000 3.120000 
3760.280000 1.580000 
3782.900000 3.650000 
3801.990000 6.140000 
3824.010000 1.800000 
3832.790000 6.550000 
3838.550000 9.660000 
3839.010000 4.990000 
3840.040000 4.590000 
3843.870000 7.400000 
3844.870000 7.210000 
3882.660000 6.570000 
3884.660000 6.750000 
3887.090000 2.640000 
3906.500000 6.520000 
3917.830000 9.400000 
3923.320000 3.110000 
3924.260000 6.070000 
3930.860000 0.150000 
3931.100000 4.010000 
3931.410000 2.860000 
3933.340000 6.690000 
3935.730000 2.570000 
3953.290000 5.820000 
3957.000000 4.330000 
3964.600000 5.260000 
3974.570000 7.210000 
3989.770000 2.280000 
3996.390000 3.300000 
3998.100000 9.070000 
4000.010000 4.330000 
4010.880000 11.430000 
4030.200000 3.070000 
4038.590000 6.470000 
4040.440000 1.770000 
4045.040000 7.870000 
4051.280000 5.350000 
4054.230000 6.800000 
4060.670000 10.240000 
4062.090000 2.130000 
4074.510000 5.290000 
4081.430000 6.120000 
4086.320000 6.210000 
4087.370000 5.120000 
4099.630000 1.950000 
4113.910000 7.280000 
4115.530000 1.830000 
4116.430000 4.050000 
4118.290000 0.680000 
4126.950000 7.390000 
4139.930000 4.000000 
4140.280000 8.690000 
4159.720000 6.650000 
4162.920000 4.900000 
4164.370000 1.680000 
4165.210000 6.640000 
4165.480000 6.170000 
4202.100000 3.250000 
4205.970000 4.060000 
4206.070000 12.910000 
4206.900000 9.610000 
4212.820000 3.710000 
4213.070000 1.060000 
4227.580000 1.920000 
4230.830000 8.270000 
4231.910000 9.460000 
4232.910000 5.090000 
4238.600000 4.780000 
4239.110000 9.600000 
4239.300000 6.680000 
4259.150000 1.960000 
4261.500000 3.500000 
4264.370000 5.900000 
4278.130000 0.700000 
4278.220000 6.460000 
4284.520000 3.340000 
4287.620000 3.060000 
4289.100000 6.200000 
4300.600000 5.300000 
4303.630000 4.330000 
4308.680000 3.810000 
4310.580000 0.870000 
4316.970000 7.060000 
4337.510000 16.710000 
4342.920000 4.910000 
4349.940000 5.390000 
4355.610000 7.440000 
4368.680000 1.210000 
4369.250000 2.950000 
4378.640000 5.200000 
4383.260000 2.390000 
4388.200000 4.130000 
4390.700000 2.240000 
4400.180000 7.250000 
4401.520000 5.580000 
4401.840000 7.820000 
4410.080000 2.490000 
4410.760000 5.260000 
4414.780000 3.530000 
4418.100000 4.210000 
4423.700000 3.850000 
4426.850000 3.230000 
4430.070000 5.330000 
4441.620000 3.500000 
4448.000000 7.890000 
4449.990000 3.920000 
4452.210000 11.350000 
4453.120000 0.970000 
4455.010000 2.540000 
4463.040000 4.610000 
4469.950000 4.290000 
4470.470000 9.380000 
4489.590000 10.620000 
4502.280000 4.490000 
4511.330000 4.560000 
4513.870000 4.050000 
4514.420000 1.700000 
4521.540000 9.340000 
4524.100000 4.020000 
4528.940000 1.890000 
4537.000000 4.130000 
4540.410000 2.450000 
4546.880000 5.200000 
4549.310000 7.260000 
4553.400000 5.030000 
4556.600000 3.370000 
4562.480000 10.140000 
4570.730000 4.740000 
4575.600000 10.950000 
4583.370000 2.760000 
4588.190000 5.430000 
4591.380000 9.040000 
4602.190000 9.680000 
4614.920000 9.580000 
4616.150000 2.710000 
4616.440000 9.550000 
4643.840000 4.250000 
4644.550000 5.660000 
4648.010000 4.590000 
4667.350000 8.990000 
4671.860000 2.320000 
4676.510000 2.030000 
4682.320000 3.840000 
4682.670000 5.410000 
4689.880000 5.290000 
4697.320000 1.100000 
4711.170000 3.710000 
4722.530000 8.730000 
4722.660000 9.740000 
4735.430000 2.970000 
4738.680000 6.690000 
4745.920000 5.120000 
4760.750000 5.070000 
4761.630000 3.700000 
4777.070000 1.120000 
4779.790000 6.410000 
4791.870000 4.830000 
4793.620000 4.870000 
4808.330000 2.620000 
4808.950000 2.170000 
4815.390000 5.350000 
4822.430000 5.550000 
4822.630000 8.840000 
4829.670000 7.760000 
4837.790000 3.600000 
4840.880000 2.580000 
4843.090000 4.500000 
4845.780000 5.090000 
4850.440000 2.680000 
4852.200000 4.880000 
4853.760000 4.320000 
4857.690000 6.330000 
4865.030000 3.690000 
4865.830000 3.610000 
4868.370000 4.620000 
4868.700000 3.010000 
4878.140000 4.930000 
4885.950000 14.360000 
4895.710000 2.400000 
4901.250000 4.470000 
4902.420000 8.500000 
4903.590000 2.150000 
4907.550000 10.600000 
4920.260000 1.570000 
4920.790000 4.870000 
4921.570000 1.230000 
4927.420000 5.510000 
4932.900000 4.600000 
4934.180000 4.890000 
4936.760000 9.970000 
4940.530000 7.370000 
4948.770000 2.750000 
4958.180000 0.800000 
4960.960000 1.770000 
4962.170000 5.960000 
4968.720000 9.790000 
4972.160000 6.440000 
4978.680000 6.200000 
4979.450000 5.890000 
4984.410000 4.410000 
4988.670000 1.530000 
5006.980000 10.630000 
5010.810000 3.180000 
5011.200000 2.030000 
5024.000000 2.930000 
5038.100000 3.320000 
5041.190000 4.490000 
5046.630000 5.370000 
5047.530000 3.740000 
5049.850000 6.590000 
5052.200000 5.410000 
5056.150000 3.650000 
5068.790000 11.100000 
5077.200000 5.300000 
5086.480000 7.130000 
5096.340000 2.730000 
5101.190000 7.890000 
5103.620000 2.660000 
5108.320000 9.800000 
5108.770000 5.180000 
5109.400000 4.600000 
5113.400000 2.510000 
5118.600000 5.590000 
5119.710000 2.340000 
5132.810000 3.700000 
5133.270000 4.870000 
5133.780000 3.060000 
5141.570000 2.630000 
5147.330000 4.610000 
5148.050000 11.540000 
5172.540000 4.740000 
5178.970000 6.670000 
5179.320000 6.810000 
5181.030000 4.210000 
5187.510000 9.450000 
5189.710000 2.080000 
5200.340000 3.960000 
5208.960000 6.000000 
5220.630000 3.310000 
5226.300000 5.790000 
5226.800000 5.720000 
5228.090000 5.750000 
5240.090000 2.270000 
5244.350000 5.480000 
5256.370000 3.510000 
5259.030000 5.620000 
5259.720000 4.230000 
5266.030000 3.840000 
5269.620000 6.920000 
5277.180000 4.290000 
5284.140000 5.760000 
5285.150000 3.840000 
5287.660000 3.150000 
5288.150000 2.860000 
5304.390000 4.950000 
5308.290000 5.540000 
5308.980000 2.220000 
5309.030000 9.720000 
5314.300000 2.340000 
5320.950000 3.400000 
5326.750000 8.540000 
5349.530000 2.900000 
5350.120000 7.610000 
5351.430000 2.980000 
5353.790000 0.600000 
5355.510000 7.980000 
5357.990000 9.470000 
5359.140000 6.810000 
5364.750000 1.550000 
5366.920000 3.650000 
5376.880000 7.510000 
5377.360000 4.670000 
5380.380000 4.790000 
5392.330000 7.810000 
5395.290000 3.190000 
5397.680000 6.790000 
5401.520000 5.400000 
5409.260000 5.190000 
5413.940000 10.960000 
5422.300000 3.690000 
5422.850000 5.550000 
5434.740000 7.540000 
5440.550000 8.790000 
5442.460000 7.640000 
5452.580000 4.950000 
5454.300000 6.010000 
5474.550000 1.580000 
5474.890000 10.790000 
5479.960000 3.280000 
5480.460000 5.520000 
5482.550000 4.740000 
5487.130000 4.190000 
5493.640000 2.840000 
5500.440000 3.340000 
5500.890000 6.000000 
5501.880000 2.250000 
5502.450000 4.460000 
5512.760000 4.930000 
5516.790000 8.010000 
5523.140000 4.830000 
5523.680000 1.730000 
5525.850000 4.300000 
5536.370000 3.000000 
5536.590000 3.490000 
5542.080000 3.270000 
5545.670000 9.870000 
5550.320000 3.060000 
5562.910000 4.940000 
5567.080000 2.080000 
5571.090000 8.540000 
5572.780000 8.120000 
5580.450000 3.590000 
5582.620000 3.650000 
5588.120000 3.410000 
5592.110000 5.190000 
5600.380000 4.170000 
5606.350000 4.370000 
5614.790000 1.200000 
5631.500000 8.230000 
5634.890000 4.970000 
5639.380000 3.730000 
5644.710000 7.850000 
5649.940000 5.620000 
5652.240000 8.450000 
5666.030000 4.960000 
5669.320000 3.590000 
5682.860000 4.640000 
5687.120000 4.620000 
5688.000000 6.960000 
5695.830000 7.840000 
5700.300000 1.680000 
5702.350000 2.470000 
5702.650000 3.070000 
5704.610000 3.580000 
5720.390000 1.970000 
5720.550000 6.490000 
5733.450000 4.310000 
5737.220000 4.610000 
5742.310000 4.670000 
5743.070000 9.320000 
5746.420000 1.950000 
5750.710000 2.190000 
5754.580000 5.520000 
5754.790000 6.800000 
5758.740000 8.150000 
5765.600000 1.930000 
5778.700000 3.680000 
5780.750000 4.110000 
5796.130000 4.570000 
5797.580000 3.220000 
5811.310000 8.450000 
5814.380000 2.110000 
5819.660000 4.070000 
5821.490000 6.730000 
5833.150000 7.650000 
5835.880000 7.380000 
5839.470000 4.290000 
5841.230000 4.640000 
5841.750000 2.980000 
5848.480000 7.870000 
5849.510000 3.800000 
5861.220000 1.400000 
5864.250000 2.070000 
5864.490000 7.790000 
5874.620000 7.080000 
5876.070000 5.220000 
5885.710000 5.500000 
5887.250000 1.740000 
5888.690000 4.520000 
5899.170000 7.290000 
5912.300000 2.600000 
5914.090000 4.560000 
5927.200000 7.470000 
5927.530000 2.300000 
5930.660000 5.140000 
5944.740000 6.760000 
5957.470000 1.430000 
5960.070000 8.660000 
5966.250000 7.970000 
5975.310000 6.050000 
5975.430000 4.000000 
5976.560000 2.880000 
5980.190000 13.770000 
5985.230000 4.500000 
5991.580000 4.740000 
5995.110000 1.660000 
5999.300000 2.980000 
6001.650000 2.090000 
6002.810000 9.820000 
6003.900000 4.230000 
6020.400000 1.740000 
6028.190000 4.870000 
6034.300000 3.980000 
6059.680000 3.430000 
6084.840000 2.190000 
6088.080000 4.380000 
6089.130000 5.860000 
6101.480000 5.040000 
6116.210000 2.410000 
6121.440000 8.550000 
6134.870000 1.570000 
6136.050000 11.460000 
6153.600000 2.040000 
6155.210000 4.710000 
6156.820000 7.720000 
6159.940000 4.500000 
6160.660000 6.960000 
6161.540000 5.280000 
6168.130000 7.630000 
6173.060000 7.240000 
6178.180000 5.460000 
6178.910000 3.810000 
6182.290000 3.570000 
6182.430000 3.170000 
6185.570000 5.900000 
6191.780000 4.840000 
6197.610000 2.300000 
6204.440000 6.720000 
6208.840000 6.160000 
6211.070000 3.800000 
6215.530000 7.270000 
6215.830000 4.600000 
6216.060000 0.680000 
6224.630000 7.390000 
6231.710000 5.760000 
6233.100000 2.400000 
6234.240000 2.060000 
6244.110000 7.400000 
6244.740000 4.130000 
6248.650000 3.580000 
6275.680000 3.120000 
6285.190000 5.720000 
6285.460000 4.170000 
6298.530000 3.400000 
6299.560000 6.410000 
6308.820000 6.560000 
6333.150000 4.930000 
6344.240000 6.250000 
6345.020000 4.390000 
6350.560000 6.680000 
6351.690000 8.010000 
6356.410000 11.550000 
6382.150000 1.540000 
6389.630000 4.480000 
6391.080000 5.500000 
6398.290000 7.430000 
6400.930000 0.730000 
6404.570000 3.190000 
6412.480000 5.910000 
6418.660000 5.250000 
6418.860000 3.460000 
6419.730000 7.680000 
6427.950000 3.140000 
6441.150000 1.760000 
6454.820000 3.440000 
6460.370000 6.650000 
6460.530000 11.550000 
6470.240000 9.020000 
6477.070000 4.530000 
6485.640000 3.100000 
6488.200000 6.840000 
6491.100000 1.710000 
6501.010000 3.400000 
6504.150000 3.280000 
6504.250000 6.320000 
6506.650000 2.260000 
6507.100000 4.820000 
6509.140000 6.240000 
6510.140000 4.570000 
6510.870000 6.400000 
6514.320000 4.370000 
6515.460000 4.550000 
6515.620000 4.800000 
6516.380000 9.670000 
6517.180000 10.370000 
6521.450000 4.090000 
6523.750000 3.250000 
6533.750000 3.520000 
6539.460000 5.050000 
6549.840000 4.020000 
6550.020000 3.880000 
6550.630000 3.570000 
6555.470000 4.690000 
6561.190000 7.040000 
6584.480000 5.750000 
6592.580000 4.730000 
6604.430000 6.030000 
6606.540000 6.180000 
6608.820000 3.790000 
6609.080000 3.640000 
6611.770000 2.950000 
6613.570000 2.560000 
6614.800000 7.000000 
6617.370000 2.640000 
6619.070000 2.450000 
6631.020000 1.770000 
6632.020000 8.900000 
6634.460000 1.590000 
6635.740000 4.350000 
6638.710000 3.620000 
6647.150000 3.010000 
6653.000000 8.860000 
6675.610000 5.000000 
6678.180000 1.580000 
6678.240000 5.410000 
6678.350000 5.140000 
6693.710000 2.940000 
6699.020000 3.800000 
6703.270000 2.070000 
6714.710000 4.540000 
6732.440000 9.120000 
6733.850000 7.680000 
6739.670000 5.510000 
6748.710000 1.210000 
6749.160000 3.100000 
6750.710000 4.960000 
6751.460000 6.640000 
6755.330000 4.720000 
6755.630000 2.120000 
6756.060000 7.660000 
6769.310000 3.480000 
6772.210000 3.020000 
6780.370000 2.520000 
6782.290000 9.080000 
6788.330000 2.780000 
6797.950000 8.450000 
6806.160000 9.170000 
6807.480000 2.450000 
6809.570000 5.840000 
6811.670000 11.380000 
6812.420000 3.820000 
6820.310000 12.170000 
6826.030000 4.320000 
6839.660000 8.060000 
6842.840000 2.180000 
6844.850000 6.770000 
6852.050000 1.280000 
6869.550000 6.080000 
6875.660000 2.610000 
6886.750000 2.750000 
6887.470000 4.340000 
6894.130000 8.610000 
6902.420000 3.680000 
6909.290000 7.050000 
6910.240000 8.950000 
6910.540000 4.820000 
6917.210000 4.590000 
6922.880000 1.650000 
6926.940000 3.600000 
6937.980000 5.650000 
6946.420000 3.690000 
6949.520000 2.450000 
6952.420000 10.910000 
6956.130000 18.240000 
6956.380000 5.070000 
6956.540000 9.830000 
6973.590000 9.200000 
6976.320000 4.390000 
6977.900000 6.620000 
6983.090000 12.510000 
6984.350000 5.240000 
6996.140000 8.290000 
6996.250000 1.290000 
7006.240000 4.050000 
7009.000000 1.850000 
7015.800000 4.140000 
7015.860000 10.800000 
7017.200000 2.970000 
7029.140000 4.160000 
7031.160000 11.550000 
7034.010000 3.870000 
7036.110000 3.030000 
7041.010000 4.790000 
7048.100000 3.170000 
7060.420000 3.740000 
7099.890000 10.270000 
7106.100000 6.730000 
7111.440000 5.740000 
7118.190000 6.870000 
7129.350000 7.500000 
7132.790000 10.030000 
7137.800000 5.340000 
7146.370000 2.150000 
7153.930000 2.280000 
7162.700000 9.410000 
7178.180000 5.690000 
7182.410000 3.190000 
7189.880000 3.790000 
7191.110000 6.100000 
7192.660000 1.850000 
7199.220000 3.810000 
